pi2@raspberrypiblue:~ $ candump -tz can0
 (000.000000)  can0  197   [8]  00 00 00 00 30 81 00 00
 (000.020099)  can0  197   [8]  00 00 00 00 30 81 00 00
 (000.039937)  can0  197   [8]  00 00 00 00 30 81 00 00
 (000.044206)  can0  280   [8]  00 00 30 81 00 00 00 00
 (000.044582)  can0  284   [8]  00 00 00 00 8A 00 00 00
 (000.059888)  can0  197   [8]  00 00 00 00 30 81 00 00
 (000.079695)  can0  197   [8]  00 00 00 00 30 81 00 00
 (000.099952)  can0  197   [8]  00 00 00 00 30 81 00 00
 (000.119684)  can0  197   [8]  00 00 00 00 30 81 00 00
 (000.139993)  can0  197   [8]  00 00 00 00 30 81 00 00
 (000.143995)  can0  280   [8]  00 00 30 81 00 00 00 00
 (000.144343)  can0  284   [8]  00 00 00 00 8A 00 00 00
 (000.160184)  can0  197   [8]  00 00 00 00 30 81 00 00
 (000.180145)  can0  197   [8]  00 00 00 00 30 81 00 00
 (000.199759)  can0  197   [8]  00 00 00 00 30 81 00 00
 (000.219946)  can0  197   [8]  00 00 00 00 30 81 00 00
 (000.240025)  can0  197   [8]  00 00 00 00 30 81 00 00
 (000.243968)  can0  280   [8]  00 00 31 81 00 00 00 00
 (000.244401)  can0  284   [8]  00 00 00 00 8A 00 00 00
 (000.260261)  can0  197   [8]  00 00 00 00 31 81 00 00
 (000.280324)  can0  197   [8]  00 00 00 00 31 81 00 00
 (000.299898)  can0  197   [8]  00 00 00 00 31 81 00 00
 (000.320538)  can0  197   [8]  00 00 00 00 31 81 00 00
 (000.340173)  can0  197   [8]  00 00 00 00 31 81 00 00
 (000.344132)  can0  280   [8]  00 00 31 81 00 00 00 00
 (000.344467)  can0  284   [8]  00 00 00 00 8A 00 00 00
 (000.359793)  can0  197   [8]  00 00 00 00 31 81 00 00
 (000.379965)  can0  197   [8]  00 00 00 00 31 81 00 00
 (000.399815)  can0  197   [8]  00 00 00 00 31 81 00 00
 (000.419958)  can0  197   [8]  00 00 00 00 31 81 00 00
 (000.440029)  can0  197   [8]  00 00 00 00 31 81 00 00
 (000.443912)  can0  280   [8]  00 00 31 81 00 00 00 00
 (000.444239)  can0  284   [8]  00 00 00 00 8A 00 00 00
 (000.460107)  can0  197   [8]  00 00 00 00 31 81 00 00
 (000.479800)  can0  197   [8]  00 00 00 00 31 81 00 00
 (000.500225)  can0  197   [8]  00 00 00 00 31 81 00 00
 (000.519840)  can0  197   [8]  00 00 00 00 31 81 00 00
 (000.540162)  can0  197   [8]  00 00 00 00 31 81 00 00
 (000.544140)  can0  280   [8]  00 00 32 81 00 00 00 00
 (000.548065)  can0  284   [8]  00 00 00 00 8A 00 00 00
 (000.560007)  can0  197   [8]  00 00 00 00 32 81 00 00
 (000.580068)  can0  197   [8]  00 00 00 00 32 81 00 00
 (000.599937)  can0  197   [8]  00 00 00 00 32 81 00 00
 (000.619963)  can0  197   [8]  00 00 00 00 32 81 00 00
 (000.639841)  can0  197   [8]  00 00 00 00 32 81 00 00
 (000.647832)  can0  280   [8]  00 00 32 81 00 00 00 00
 (000.648164)  can0  284   [8]  00 00 00 00 8A 00 00 00
 (000.660102)  can0  197   [8]  00 00 00 00 32 81 00 00
 (000.679853)  can0  197   [8]  00 00 00 00 32 81 00 00
 (000.700104)  can0  197   [8]  00 00 00 00 32 81 00 00
 (000.720208)  can0  197   [8]  00 00 00 00 32 81 00 00
 (000.741192)  can0  197   [8]  00 00 00 00 32 81 00 00
 (000.744350)  can0  280   [8]  00 00 32 81 00 00 00 00
 (000.744652)  can0  284   [8]  00 00 00 00 89 00 00 00
 (000.760268)  can0  197   [8]  00 00 00 00 32 81 00 00
 (000.780046)  can0  197   [8]  00 00 00 00 32 81 00 00
 (000.800173)  can0  197   [8]  00 00 00 00 32 81 00 00
 (000.819914)  can0  197   [8]  00 00 00 00 32 81 00 00
 (000.839901)  can0  197   [8]  00 00 00 00 32 81 00 00
 (000.844006)  can0  280   [8]  00 00 33 81 00 00 00 00
 (000.844307)  can0  284   [8]  00 00 00 00 89 00 00 00
 (000.859957)  can0  197   [8]  00 00 00 00 33 81 00 00
 (000.879825)  can0  197   [8]  00 00 00 00 33 81 00 00
 (000.900388)  can0  197   [8]  00 00 00 00 33 81 00 00
 (000.920316)  can0  197   [8]  00 00 00 00 33 81 00 00
 (000.940162)  can0  197   [8]  00 00 00 00 33 81 00 00
 (000.943892)  can0  280   [8]  00 00 33 81 00 00 00 00
 (000.944229)  can0  284   [8]  00 00 00 00 89 00 00 00
 (000.960157)  can0  197   [8]  00 00 00 00 33 81 00 00
 (000.980186)  can0  197   [8]  00 00 00 00 33 81 00 00
 (001.000118)  can0  197   [8]  00 00 00 00 33 81 00 00
 (001.020173)  can0  197   [8]  00 00 00 00 33 81 00 00
 (001.039987)  can0  197   [8]  00 00 00 00 33 81 00 00
 (001.044163)  can0  280   [8]  00 00 33 81 00 00 00 00
 (001.044519)  can0  284   [8]  00 00 00 00 89 00 00 00
 (001.060021)  can0  197   [8]  00 00 00 00 33 81 00 00
 (001.080147)  can0  197   [8]  00 00 00 00 33 81 00 00
 (001.100038)  can0  197   [8]  00 00 00 00 33 81 00 00
 (001.120072)  can0  197   [8]  00 00 00 00 33 81 00 00
 (001.140089)  can0  197   [8]  00 00 00 00 33 81 00 00
 (001.144118)  can0  280   [8]  00 00 34 81 00 00 00 00
 (001.144456)  can0  284   [8]  00 00 00 00 89 00 00 00
 (001.160691)  can0  197   [8]  00 00 00 00 34 81 00 00
 (001.180095)  can0  197   [8]  00 00 00 00 34 81 00 00
 (001.200263)  can0  197   [8]  00 00 00 00 34 81 00 00
 (001.220018)  can0  197   [8]  00 00 00 00 34 81 00 00
 (001.240371)  can0  197   [8]  00 00 00 00 34 81 00 00
 (001.244902)  can0  280   [8]  00 00 34 81 00 00 00 00
 (001.245235)  can0  284   [8]  00 00 00 00 89 00 00 00
 (001.260062)  can0  197   [8]  00 00 00 00 34 81 00 00
 (001.280379)  can0  197   [8]  00 00 00 00 34 81 00 00
 (001.300152)  can0  197   [8]  00 00 00 00 34 81 00 00
 (001.320341)  can0  197   [8]  00 00 00 00 34 81 00 00
 (001.340367)  can0  197   [8]  00 00 00 00 34 81 00 00
 (001.344037)  can0  280   [8]  00 00 34 81 00 00 00 00
 (001.344366)  can0  284   [8]  00 00 00 00 89 00 00 00
 (001.359892)  can0  197   [8]  00 00 00 00 34 81 00 00
 (001.380440)  can0  197   [8]  00 00 00 00 34 81 00 00
 (001.399936)  can0  197   [8]  00 00 00 00 34 81 00 00
 (001.420399)  can0  197   [8]  00 00 00 00 34 81 00 00
 (001.440052)  can0  197   [8]  00 00 00 00 34 81 00 00
 (001.444189)  can0  280   [8]  00 00 35 81 00 00 00 00
 (001.444557)  can0  284   [8]  00 00 00 00 89 00 00 00
 (001.460209)  can0  197   [8]  00 00 00 00 35 81 00 00
 (001.480514)  can0  197   [8]  00 00 00 00 35 81 00 00
 (001.500403)  can0  197   [8]  00 00 00 00 35 81 00 00
 (001.519961)  can0  197   [8]  00 00 00 00 35 81 00 00
 (001.541708)  can0  197   [8]  00 00 00 00 35 81 00 00
 (001.544595)  can0  280   [8]  00 00 35 81 00 00 00 00
 (001.544942)  can0  284   [8]  00 00 00 00 8A 00 00 00
 (001.560170)  can0  197   [8]  00 00 00 00 35 81 00 00
 (001.581088)  can0  197   [8]  00 00 00 00 35 81 00 00
 (001.599987)  can0  197   [8]  00 00 00 00 35 81 00 00
 (001.620211)  can0  197   [8]  00 00 00 00 35 81 00 00
 (001.640165)  can0  197   [8]  00 00 00 00 35 81 00 00
 (001.644145)  can0  280   [8]  00 00 35 81 00 00 00 00
 (001.644489)  can0  284   [8]  00 00 00 00 8A 00 00 00
 (001.660365)  can0  197   [8]  00 00 00 00 35 81 00 00
 (001.680536)  can0  197   [8]  00 00 00 00 35 81 00 00
 (001.700270)  can0  197   [8]  00 00 00 00 35 81 00 00
 (001.719961)  can0  197   [8]  00 00 00 00 35 81 00 00
 (001.740408)  can0  197   [8]  00 00 00 00 35 81 00 00
 (001.743963)  can0  280   [8]  00 00 36 81 00 00 00 00
 (001.744314)  can0  284   [8]  00 00 00 00 8A 00 00 00
 (001.760148)  can0  197   [8]  00 00 00 00 36 81 00 00
 (001.780350)  can0  197   [8]  00 00 00 00 36 81 00 00
 (001.800307)  can0  197   [8]  00 00 00 00 36 81 00 00
 (001.820164)  can0  197   [8]  00 00 00 00 36 81 00 00
 (001.840371)  can0  197   [8]  00 00 00 00 36 81 00 00
 (001.844303)  can0  280   [8]  00 00 36 81 00 00 00 00
 (001.844656)  can0  284   [8]  00 00 00 00 8A 00 00 00
 (001.860540)  can0  197   [8]  00 00 00 00 36 81 00 00
 (001.880073)  can0  197   [8]  00 00 00 00 36 81 00 00
 (001.900427)  can0  197   [8]  00 00 00 00 36 81 00 00
 (001.919995)  can0  197   [8]  00 00 00 00 36 81 00 00
 (001.940173)  can0  197   [8]  00 00 00 00 36 81 00 00
 (001.948629)  can0  280   [8]  00 00 36 81 00 00 00 00
 (001.948980)  can0  284   [8]  00 00 00 00 8A 00 00 00
 (001.960328)  can0  197   [8]  00 00 00 00 36 81 00 00
 (001.980184)  can0  197   [8]  00 00 00 00 36 81 00 00
 (002.001093)  can0  197   [8]  00 00 00 00 36 81 00 00
 (002.020323)  can0  197   [8]  00 00 00 00 36 81 00 00
 (002.040081)  can0  197   [8]  00 00 00 00 36 81 00 00
 (002.045142)  can0  280   [8]  00 00 37 81 00 00 00 00
 (002.045492)  can0  284   [8]  00 00 00 00 8A 00 00 00
 (002.060609)  can0  197   [8]  00 00 00 00 37 81 00 00
 (002.080043)  can0  197   [8]  00 00 00 00 37 81 00 00
 (002.100119)  can0  197   [8]  00 00 00 00 37 81 00 00
 (002.120306)  can0  197   [8]  00 00 00 00 37 81 00 00
 (002.140145)  can0  197   [8]  00 00 00 00 37 81 00 00
 (002.144039)  can0  280   [8]  00 00 37 81 00 00 00 00
 (002.144389)  can0  284   [8]  00 00 00 00 89 00 00 00
 (002.159999)  can0  197   [8]  00 00 00 00 37 81 00 00
 (002.180304)  can0  197   [8]  00 00 00 00 37 81 00 00
 (002.200031)  can0  197   [8]  00 00 00 00 37 81 00 00
 (002.220189)  can0  197   [8]  00 00 00 00 37 81 00 00
 (002.240720)  can0  197   [8]  00 00 00 00 37 81 00 00
 (002.244550)  can0  280   [8]  00 00 37 81 00 00 00 00
 (002.244900)  can0  284   [8]  00 00 00 00 89 00 00 00
 (002.260197)  can0  197   [8]  00 00 00 00 37 81 00 00
 (002.280136)  can0  197   [8]  00 00 00 00 37 81 00 00
 (002.300163)  can0  197   [8]  00 00 00 00 37 81 00 00
 (002.320303)  can0  197   [8]  00 00 00 00 37 81 00 00
 (002.341171)  can0  197   [8]  00 00 00 00 37 81 00 00
 (002.344144)  can0  280   [8]  00 00 38 81 00 00 00 00
 (002.344498)  can0  284   [8]  00 00 00 00 89 00 00 00
 (002.360256)  can0  197   [8]  00 00 00 00 38 81 00 00
 (002.380721)  can0  197   [8]  00 00 00 00 38 81 00 00
 (002.400367)  can0  197   [8]  00 00 00 00 38 81 00 00
 (002.421154)  can0  197   [8]  00 00 00 00 38 81 00 00
 (002.440037)  can0  197   [8]  00 00 00 00 38 81 00 00
 (002.444178)  can0  280   [8]  00 00 38 81 00 00 00 00
 (002.444536)  can0  284   [8]  00 00 00 00 89 00 00 00
 (002.460299)  can0  197   [8]  00 00 00 00 38 81 00 00
 (002.480425)  can0  197   [8]  00 00 00 00 38 81 00 00
 (002.500291)  can0  197   [8]  00 00 00 00 38 81 00 00
 (002.520452)  can0  197   [8]  00 00 00 00 38 81 00 00
 (002.540509)  can0  197   [8]  00 00 00 00 38 81 00 00
 (002.544251)  can0  280   [8]  00 00 38 81 00 00 00 00
 (002.544600)  can0  284   [8]  00 00 00 00 89 00 00 00
 (002.560055)  can0  197   [8]  00 00 00 00 38 81 00 00
 (002.580583)  can0  197   [8]  00 00 00 00 38 81 00 00
 (002.600051)  can0  197   [8]  00 00 00 00 38 81 00 00
 (002.620351)  can0  197   [8]  00 00 00 00 38 81 00 00
 (002.640200)  can0  197   [8]  00 00 00 00 38 81 00 00
 (002.644589)  can0  280   [8]  00 00 39 81 00 00 00 00
 (002.644949)  can0  284   [8]  00 00 00 00 89 00 00 00
 (002.660298)  can0  197   [8]  00 00 00 00 39 81 00 00
 (002.680222)  can0  197   [8]  00 00 00 00 39 81 00 00
 (002.700197)  can0  197   [8]  00 00 00 00 39 81 00 00
 (002.720062)  can0  197   [8]  00 00 00 00 39 81 00 00
 (002.740472)  can0  197   [8]  00 00 00 00 39 81 00 00
 (002.744219)  can0  280   [8]  00 00 39 81 00 00 00 00
 (002.744552)  can0  284   [8]  00 00 00 00 8A 00 00 00
 (002.760163)  can0  197   [8]  00 00 00 00 39 81 00 00
 (002.780246)  can0  197   [8]  00 00 00 00 39 81 00 00
 (002.800109)  can0  197   [8]  00 00 00 00 39 81 00 00
 (002.820317)  can0  197   [8]  00 00 00 00 39 81 00 00
 (002.841142)  can0  197   [8]  00 00 00 00 39 81 00 00
 (002.844652)  can0  280   [8]  00 00 39 81 00 00 00 00
 (002.844984)  can0  284   [8]  00 00 00 00 8A 00 00 00
 (002.860304)  can0  197   [8]  00 00 00 00 39 81 00 00
 (002.880376)  can0  197   [8]  00 00 00 00 39 81 00 00
 (002.900230)  can0  197   [8]  00 00 00 00 39 81 00 00
 (002.920294)  can0  197   [8]  00 00 00 00 39 81 00 00
 (002.940537)  can0  197   [8]  00 00 00 00 39 81 00 00
